1 40 Problem 2/training.txt Problem 2/testing.txt
False
[[ 4.4552  2.2997]
 [ 0.6175  0.963 ]
 [ 3.583   4.3605]
 [ 0.3259  4.5763]
 [ 4.6936  1.1406]
 [ 3.1537  1.4564]
 [ 1.209   4.5694]
 [ 2.      8.    ]
 [ 2.9004  1.9861]
 [ 0.4496  0.0552]
 [ 2.4298  1.2078]
 [ 1.7006  1.4126]
 [ 0.9084  2.2603]
 [ 3.4116  0.55  ]
 [ 3.3101  2.0374]
 [ 2.129   0.6381]
 [ 1.0613  3.5595]
 [ 1.4156  3.1393]
 [ 4.7114  3.4136]
 [ 3.4798  5.1659]
 [-1.2287  5.8284]
 [ 1.0987  6.4158]
 [ 0.3829  4.6025]
 [-1.1584  6.4493]
 [-0.7737  6.2962]
 [ 2.1754 -0.6483]
 [ 3.609   3.5566]
 [ 2.6329  9.2341]
 [-2.9378  0.    ]
 [ 6.9325  4.642 ]
 [ 0.9726  6.0603]
 [ 2.5358  8.0353]
 [-1.8929  4.0599]
 [ 0.6864  5.0482]
 [ 5.0699  6.3405]
 [ 0.875   3.022 ]
 [-2.615   7.2648]
 [-0.3945  6.8878]
 [-1.6629  7.5295]
 [-3.627   9.2734]]
40
[ True  True  True  True  True  True  True  True  True  True  True  True
  True  True  True  True  True  True  True  True False False False False
 False False False False False False False False False False False False
 False False False False]
2
[[ 3.828   2.2475]
 [ 0.6232  0.705 ]
 [ 3.5761  4.1798]
 [ 0.5868  4.405 ]
 [ 5.085   1.1278]
 [ 3.4224  2.1418]
 [ 1.229   5.0178]
 [ 1.6783  8.547 ]
 [ 2.5379  1.9664]
 [ 0.3516 -0.2895]
 [ 2.0374  1.4017]
 [ 1.2838  1.0104]
 [ 1.2471  2.2608]
 [ 3.5255  0.2796]
 [ 3.2511  2.1295]
 [ 2.1793  1.1746]
 [ 0.874   3.5145]
 [ 1.6652  3.4238]
 [ 4.1193  3.296 ]
 [ 3.2768  5.1611]
 [-1.0742  5.9619]
 [ 1.441   6.5502]
 [ 0.4775  4.8862]
 [-1.0298  6.0519]
 [-0.7407  5.7998]
 [ 2.5086 -1.2806]
 [ 3.444   3.5849]
 [ 2.6215  9.799 ]
 [-2.9212 -0.1842]
 [ 7.1086  4.28  ]
 [ 1.1362  6.1356]
 [ 2.418   7.8487]
 [-2.25    3.4964]
 [ 0.5592  5.2813]
 [ 4.8558  6.8159]
 [ 0.6085  3.6643]
 [-2.8227  7.2946]
 [ 0.036   7.2578]
 [-1.8902  7.7511]
 [-3.9613  8.7616]]
1
[ True  True  True  True  True  True  True  True  True  True  True  True
  True  True  True  True  True  True  True  True False False False False
 False False False False False False False False False False False False
 False False False False]
40
40
Positive examples: 20
Negative examples: 20
[[37 11 29 18  1 31  4 23 21 11 16 34 12  9  5 18 16 25 24 11  4 17 36 14
   9  0 12 16 18 30 33 20  3 28 28 17  9 31 22 27]]
pos [[ 2.15940435  2.16243043]]
neg [[ 0.76335294  5.32307059]]
[[ 1.39605141 -3.16064015]] [-9.78932784]
False positives : 4
False negatives : 5

3 40 Problem 2/training.txt Problem 2/testing.txt
False
[[ 4.4552  2.2997]
 [ 0.6175  0.963 ]
 [ 3.583   4.3605]
 [ 0.3259  4.5763]
 [ 4.6936  1.1406]
 [ 3.1537  1.4564]
 [ 1.209   4.5694]
 [ 2.      8.    ]
 [ 2.9004  1.9861]
 [ 0.4496  0.0552]
 [ 2.4298  1.2078]
 [ 1.7006  1.4126]
 [ 0.9084  2.2603]
 [ 3.4116  0.55  ]
 [ 3.3101  2.0374]
 [ 2.129   0.6381]
 [ 1.0613  3.5595]
 [ 1.4156  3.1393]
 [ 4.7114  3.4136]
 [ 3.4798  5.1659]
 [-1.2287  5.8284]
 [ 1.0987  6.4158]
 [ 0.3829  4.6025]
 [-1.1584  6.4493]
 [-0.7737  6.2962]
 [ 2.1754 -0.6483]
 [ 3.609   3.5566]
 [ 2.6329  9.2341]
 [-2.9378  0.    ]
 [ 6.9325  4.642 ]
 [ 0.9726  6.0603]
 [ 2.5358  8.0353]
 [-1.8929  4.0599]
 [ 0.6864  5.0482]
 [ 5.0699  6.3405]
 [ 0.875   3.022 ]
 [-2.615   7.2648]
 [-0.3945  6.8878]
 [-1.6629  7.5295]
 [-3.627   9.2734]]
40
[ True  True  True  True  True  True  True  True  True  True  True  True
  True  True  True  True  True  True  True  True False False False False
 False False False False False False False False False False False False
 False False False False]
2
[[ 3.828   2.2475]
 [ 0.6232  0.705 ]
 [ 3.5761  4.1798]
 [ 0.5868  4.405 ]
 [ 5.085   1.1278]
 [ 3.4224  2.1418]
 [ 1.229   5.0178]
 [ 1.6783  8.547 ]
 [ 2.5379  1.9664]
 [ 0.3516 -0.2895]
 [ 2.0374  1.4017]
 [ 1.2838  1.0104]
 [ 1.2471  2.2608]
 [ 3.5255  0.2796]
 [ 3.2511  2.1295]
 [ 2.1793  1.1746]
 [ 0.874   3.5145]
 [ 1.6652  3.4238]
 [ 4.1193  3.296 ]
 [ 3.2768  5.1611]
 [-1.0742  5.9619]
 [ 1.441   6.5502]
 [ 0.4775  4.8862]
 [-1.0298  6.0519]
 [-0.7407  5.7998]
 [ 2.5086 -1.2806]
 [ 3.444   3.5849]
 [ 2.6215  9.799 ]
 [-2.9212 -0.1842]
 [ 7.1086  4.28  ]
 [ 1.1362  6.1356]
 [ 2.418   7.8487]
 [-2.25    3.4964]
 [ 0.5592  5.2813]
 [ 4.8558  6.8159]
 [ 0.6085  3.6643]
 [-2.8227  7.2946]
 [ 0.036   7.2578]
 [-1.8902  7.7511]
 [-3.9613  8.7616]]
3
[ True  True  True  True  True  True  True  True  True  True  True  True
  True  True  True  True  True  True  True  True False False False False
 False False False False False False False False False False False False
 False False False False]
40
40
Positive examples: 20
Negative examples: 20
[[37 11 29 18  1 31  4 23 21 11 16 34 12  9  5 18 16 25 24 11  4 17 36 14
   9  0 12 16 18 30 33 20  3 28 28 17  9 31 22 27]
 [ 8  4  7 26 16 23  2 32 14 28  5 18 19 14 39  8 11  6 30 27 26 23 25 16
  35 29 32 35 27 11 39 14 23 31 22  8 14 26 20 23]
 [ 7  2 36  1 33 32 28 13 18 22 15 30  4  6 14 24 16 32  2 28 14 38  8 21
  26 17  1  8 17 31  1 21 36 34 13 30 35 22 16 15]]
pos [[ 2.15940435  2.16243043]
 [ 2.79421667  2.89769444]
 [ 2.38516667  2.50259048]]
neg [[ 0.76335294  5.32307059]
 [ 0.50009545  5.28027273]
 [ 0.01876316  5.08604737]]
[[ 1.39605141 -3.16064015]
 [ 2.29412121 -2.38257828]
 [ 2.36640351 -2.58345689]] [-9.78932784 -5.96354783 -6.95812539]
False positives : 5
False negatives : 4

5 40 Problem 2/training.txt Problem 2/testing.txt
False
[[ 4.4552  2.2997]
 [ 0.6175  0.963 ]
 [ 3.583   4.3605]
 [ 0.3259  4.5763]
 [ 4.6936  1.1406]
 [ 3.1537  1.4564]
 [ 1.209   4.5694]
 [ 2.      8.    ]
 [ 2.9004  1.9861]
 [ 0.4496  0.0552]
 [ 2.4298  1.2078]
 [ 1.7006  1.4126]
 [ 0.9084  2.2603]
 [ 3.4116  0.55  ]
 [ 3.3101  2.0374]
 [ 2.129   0.6381]
 [ 1.0613  3.5595]
 [ 1.4156  3.1393]
 [ 4.7114  3.4136]
 [ 3.4798  5.1659]
 [-1.2287  5.8284]
 [ 1.0987  6.4158]
 [ 0.3829  4.6025]
 [-1.1584  6.4493]
 [-0.7737  6.2962]
 [ 2.1754 -0.6483]
 [ 3.609   3.5566]
 [ 2.6329  9.2341]
 [-2.9378  0.    ]
 [ 6.9325  4.642 ]
 [ 0.9726  6.0603]
 [ 2.5358  8.0353]
 [-1.8929  4.0599]
 [ 0.6864  5.0482]
 [ 5.0699  6.3405]
 [ 0.875   3.022 ]
 [-2.615   7.2648]
 [-0.3945  6.8878]
 [-1.6629  7.5295]
 [-3.627   9.2734]]
40
[ True  True  True  True  True  True  True  True  True  True  True  True
  True  True  True  True  True  True  True  True False False False False
 False False False False False False False False False False False False
 False False False False]
2
[[ 3.828   2.2475]
 [ 0.6232  0.705 ]
 [ 3.5761  4.1798]
 [ 0.5868  4.405 ]
 [ 5.085   1.1278]
 [ 3.4224  2.1418]
 [ 1.229   5.0178]
 [ 1.6783  8.547 ]
 [ 2.5379  1.9664]
 [ 0.3516 -0.2895]
 [ 2.0374  1.4017]
 [ 1.2838  1.0104]
 [ 1.2471  2.2608]
 [ 3.5255  0.2796]
 [ 3.2511  2.1295]
 [ 2.1793  1.1746]
 [ 0.874   3.5145]
 [ 1.6652  3.4238]
 [ 4.1193  3.296 ]
 [ 3.2768  5.1611]
 [-1.0742  5.9619]
 [ 1.441   6.5502]
 [ 0.4775  4.8862]
 [-1.0298  6.0519]
 [-0.7407  5.7998]
 [ 2.5086 -1.2806]
 [ 3.444   3.5849]
 [ 2.6215  9.799 ]
 [-2.9212 -0.1842]
 [ 7.1086  4.28  ]
 [ 1.1362  6.1356]
 [ 2.418   7.8487]
 [-2.25    3.4964]
 [ 0.5592  5.2813]
 [ 4.8558  6.8159]
 [ 0.6085  3.6643]
 [-2.8227  7.2946]
 [ 0.036   7.2578]
 [-1.8902  7.7511]
 [-3.9613  8.7616]]
5
[ True  True  True  True  True  True  True  True  True  True  True  True
  True  True  True  True  True  True  True  True False False False False
 False False False False False False False False False False False False
 False False False False]
40
40
Positive examples: 20
Negative examples: 20
[[37 11 29 18  1 31  4 23 21 11 16 34 12  9  5 18 16 25 24 11  4 17 36 14
   9  0 12 16 18 30 33 20  3 28 28 17  9 31 22 27]
 [ 8  4  7 26 16 23  2 32 14 28  5 18 19 14 39  8 11  6 30 27 26 23 25 16
  35 29 32 35 27 11 39 14 23 31 22  8 14 26 20 23]
 [ 7  2 36  1 33 32 28 13 18 22 15 30  4  6 14 24 16 32  2 28 14 38  8 21
  26 17  1  8 17 31  1 21 36 34 13 30 35 22 16 15]
 [38  8 16 31 10  6 20 33 17  7 27 39  2 15 24  4 18 24 24 18 33 30 18 33
  11  2 11 14 14 16 14 14 24  3 25  6 37 36 28 16]
 [ 2 11 16 29 31 15 38 16 18 32 38 22  6 14  6 38 35 27 35 19 29 15 22 19
  19 16  2 29 36  4 21 29 31  3 12 36 39  8 22 20]]
pos [[ 2.15940435  2.16243043]
 [ 2.79421667  2.89769444]
 [ 2.38516667  2.50259048]
 [ 2.58426087  3.0627    ]
 [ 2.42187895  3.27047895]]
neg [[ 0.76335294  5.32307059]
 [ 0.50009545  5.28027273]
 [ 0.01876316  5.08604737]
 [-0.30498824  5.87027647]
 [ 1.06974286  6.01999048]]
[[ 1.39605141 -3.16064015]
 [ 2.29412121 -2.38257828]
 [ 2.36640351 -2.58345689]
 [ 2.8892491  -2.80757647]
 [ 1.35213609 -2.74951153]] [ -9.78932784  -5.96354783  -6.95812539  -9.24731407 -10.41155247]
False positives : 5
False negatives : 4

7 40 Problem 2/training.txt Problem 2/testing.txt
False
[[ 4.4552  2.2997]
 [ 0.6175  0.963 ]
 [ 3.583   4.3605]
 [ 0.3259  4.5763]
 [ 4.6936  1.1406]
 [ 3.1537  1.4564]
 [ 1.209   4.5694]
 [ 2.      8.    ]
 [ 2.9004  1.9861]
 [ 0.4496  0.0552]
 [ 2.4298  1.2078]
 [ 1.7006  1.4126]
 [ 0.9084  2.2603]
 [ 3.4116  0.55  ]
 [ 3.3101  2.0374]
 [ 2.129   0.6381]
 [ 1.0613  3.5595]
 [ 1.4156  3.1393]
 [ 4.7114  3.4136]
 [ 3.4798  5.1659]
 [-1.2287  5.8284]
 [ 1.0987  6.4158]
 [ 0.3829  4.6025]
 [-1.1584  6.4493]
 [-0.7737  6.2962]
 [ 2.1754 -0.6483]
 [ 3.609   3.5566]
 [ 2.6329  9.2341]
 [-2.9378  0.    ]
 [ 6.9325  4.642 ]
 [ 0.9726  6.0603]
 [ 2.5358  8.0353]
 [-1.8929  4.0599]
 [ 0.6864  5.0482]
 [ 5.0699  6.3405]
 [ 0.875   3.022 ]
 [-2.615   7.2648]
 [-0.3945  6.8878]
 [-1.6629  7.5295]
 [-3.627   9.2734]]
40
[ True  True  True  True  True  True  True  True  True  True  True  True
  True  True  True  True  True  True  True  True False False False False
 False False False False False False False False False False False False
 False False False False]
2
[[ 3.828   2.2475]
 [ 0.6232  0.705 ]
 [ 3.5761  4.1798]
 [ 0.5868  4.405 ]
 [ 5.085   1.1278]
 [ 3.4224  2.1418]
 [ 1.229   5.0178]
 [ 1.6783  8.547 ]
 [ 2.5379  1.9664]
 [ 0.3516 -0.2895]
 [ 2.0374  1.4017]
 [ 1.2838  1.0104]
 [ 1.2471  2.2608]
 [ 3.5255  0.2796]
 [ 3.2511  2.1295]
 [ 2.1793  1.1746]
 [ 0.874   3.5145]
 [ 1.6652  3.4238]
 [ 4.1193  3.296 ]
 [ 3.2768  5.1611]
 [-1.0742  5.9619]
 [ 1.441   6.5502]
 [ 0.4775  4.8862]
 [-1.0298  6.0519]
 [-0.7407  5.7998]
 [ 2.5086 -1.2806]
 [ 3.444   3.5849]
 [ 2.6215  9.799 ]
 [-2.9212 -0.1842]
 [ 7.1086  4.28  ]
 [ 1.1362  6.1356]
 [ 2.418   7.8487]
 [-2.25    3.4964]
 [ 0.5592  5.2813]
 [ 4.8558  6.8159]
 [ 0.6085  3.6643]
 [-2.8227  7.2946]
 [ 0.036   7.2578]
 [-1.8902  7.7511]
 [-3.9613  8.7616]]
7
[ True  True  True  True  True  True  True  True  True  True  True  True
  True  True  True  True  True  True  True  True False False False False
 False False False False False False False False False False False False
 False False False False]
40
40
Positive examples: 20
Negative examples: 20
[[37 11 29 18  1 31  4 23 21 11 16 34 12  9  5 18 16 25 24 11  4 17 36 14
   9  0 12 16 18 30 33 20  3 28 28 17  9 31 22 27]
 [ 8  4  7 26 16 23  2 32 14 28  5 18 19 14 39  8 11  6 30 27 26 23 25 16
  35 29 32 35 27 11 39 14 23 31 22  8 14 26 20 23]
 [ 7  2 36  1 33 32 28 13 18 22 15 30  4  6 14 24 16 32  2 28 14 38  8 21
  26 17  1  8 17 31  1 21 36 34 13 30 35 22 16 15]
 [38  8 16 31 10  6 20 33 17  7 27 39  2 15 24  4 18 24 24 18 33 30 18 33
  11  2 11 14 14 16 14 14 24  3 25  6 37 36 28 16]
 [ 2 11 16 29 31 15 38 16 18 32 38 22  6 14  6 38 35 27 35 19 29 15 22 19
  19 16  2 29 36  4 21 29 31  3 12 36 39  8 22 20]
 [ 8 37 35 37 21 37 18 26  0 30 30 24 34 10 31 24  6 37 18 34 27 13 32  1
  22  9  5 16  5 36 17  4  9  1 26 12 36 24  1 29]
 [39 10 37 35  8 22 31 17  5 13 22 11 28 10  6 14 37 20 19 11 13 11 32 31
   5 38  1  2 26  5  9 11  8 36 11 10 21  8 35  6]]
pos [[ 2.15940435  2.16243043]
 [ 2.79421667  2.89769444]
 [ 2.38516667  2.50259048]
 [ 2.58426087  3.0627    ]
 [ 2.42187895  3.27047895]
 [ 2.27593333  1.85845   ]
 [ 2.33547917  1.95725   ]]
neg [[ 0.76335294  5.32307059]
 [ 0.50009545  5.28027273]
 [ 0.01876316  5.08604737]
 [-0.30498824  5.87027647]
 [ 1.06974286  6.01999048]
 [ 1.03358182  6.04071818]
 [-0.1536375   5.563975  ]]
[[ 1.39605141 -3.16064015]
 [ 2.29412121 -2.38257828]
 [ 2.36640351 -2.58345689]
 [ 2.8892491  -2.80757647]
 [ 1.35213609 -2.74951153]
 [ 1.24235152 -4.18226818]
 [ 2.48911667 -3.606725  ]] [ -9.78932784  -5.96354783  -6.95812539  -9.24731407 -10.41155247
 -14.46242929 -10.84806589]
False positives : 4
False negatives : 3

9 40 Problem 2/training.txt Problem 2/testing.txt
False
[[ 4.4552  2.2997]
 [ 0.6175  0.963 ]
 [ 3.583   4.3605]
 [ 0.3259  4.5763]
 [ 4.6936  1.1406]
 [ 3.1537  1.4564]
 [ 1.209   4.5694]
 [ 2.      8.    ]
 [ 2.9004  1.9861]
 [ 0.4496  0.0552]
 [ 2.4298  1.2078]
 [ 1.7006  1.4126]
 [ 0.9084  2.2603]
 [ 3.4116  0.55  ]
 [ 3.3101  2.0374]
 [ 2.129   0.6381]
 [ 1.0613  3.5595]
 [ 1.4156  3.1393]
 [ 4.7114  3.4136]
 [ 3.4798  5.1659]
 [-1.2287  5.8284]
 [ 1.0987  6.4158]
 [ 0.3829  4.6025]
 [-1.1584  6.4493]
 [-0.7737  6.2962]
 [ 2.1754 -0.6483]
 [ 3.609   3.5566]
 [ 2.6329  9.2341]
 [-2.9378  0.    ]
 [ 6.9325  4.642 ]
 [ 0.9726  6.0603]
 [ 2.5358  8.0353]
 [-1.8929  4.0599]
 [ 0.6864  5.0482]
 [ 5.0699  6.3405]
 [ 0.875   3.022 ]
 [-2.615   7.2648]
 [-0.3945  6.8878]
 [-1.6629  7.5295]
 [-3.627   9.2734]]
40
[ True  True  True  True  True  True  True  True  True  True  True  True
  True  True  True  True  True  True  True  True False False False False
 False False False False False False False False False False False False
 False False False False]
2
[[ 3.828   2.2475]
 [ 0.6232  0.705 ]
 [ 3.5761  4.1798]
 [ 0.5868  4.405 ]
 [ 5.085   1.1278]
 [ 3.4224  2.1418]
 [ 1.229   5.0178]
 [ 1.6783  8.547 ]
 [ 2.5379  1.9664]
 [ 0.3516 -0.2895]
 [ 2.0374  1.4017]
 [ 1.2838  1.0104]
 [ 1.2471  2.2608]
 [ 3.5255  0.2796]
 [ 3.2511  2.1295]
 [ 2.1793  1.1746]
 [ 0.874   3.5145]
 [ 1.6652  3.4238]
 [ 4.1193  3.296 ]
 [ 3.2768  5.1611]
 [-1.0742  5.9619]
 [ 1.441   6.5502]
 [ 0.4775  4.8862]
 [-1.0298  6.0519]
 [-0.7407  5.7998]
 [ 2.5086 -1.2806]
 [ 3.444   3.5849]
 [ 2.6215  9.799 ]
 [-2.9212 -0.1842]
 [ 7.1086  4.28  ]
 [ 1.1362  6.1356]
 [ 2.418   7.8487]
 [-2.25    3.4964]
 [ 0.5592  5.2813]
 [ 4.8558  6.8159]
 [ 0.6085  3.6643]
 [-2.8227  7.2946]
 [ 0.036   7.2578]
 [-1.8902  7.7511]
 [-3.9613  8.7616]]
9
[ True  True  True  True  True  True  True  True  True  True  True  True
  True  True  True  True  True  True  True  True False False False False
 False False False False False False False False False False False False
 False False False False]
40
40
Positive examples: 20
Negative examples: 20
[[37 11 29 18  1 31  4 23 21 11 16 34 12  9  5 18 16 25 24 11  4 17 36 14
   9  0 12 16 18 30 33 20  3 28 28 17  9 31 22 27]
 [ 8  4  7 26 16 23  2 32 14 28  5 18 19 14 39  8 11  6 30 27 26 23 25 16
  35 29 32 35 27 11 39 14 23 31 22  8 14 26 20 23]
 [ 7  2 36  1 33 32 28 13 18 22 15 30  4  6 14 24 16 32  2 28 14 38  8 21
  26 17  1  8 17 31  1 21 36 34 13 30 35 22 16 15]
 [38  8 16 31 10  6 20 33 17  7 27 39  2 15 24  4 18 24 24 18 33 30 18 33
  11  2 11 14 14 16 14 14 24  3 25  6 37 36 28 16]
 [ 2 11 16 29 31 15 38 16 18 32 38 22  6 14  6 38 35 27 35 19 29 15 22 19
  19 16  2 29 36  4 21 29 31  3 12 36 39  8 22 20]
 [ 8 37 35 37 21 37 18 26  0 30 30 24 34 10 31 24  6 37 18 34 27 13 32  1
  22  9  5 16  5 36 17  4  9  1 26 12 36 24  1 29]
 [39 10 37 35  8 22 31 17  5 13 22 11 28 10  6 14 37 20 19 11 13 11 32 31
   5 38  1  2 26  5  9 11  8 36 11 10 21  8 35  6]
 [24 10  3 14  2 25 19 17  7 30 24  8  0 26 14 10 34 15  0 36 19 25 20 14
   5 26 30 30  6 37 17 39 12 27 26 16 35 26 14  5]
 [33 33 28 29 34  8 32 19  5 37 28 37 34  8 29 33  5  9 23 19 38 34 38 16
   8 16 25 33 22 14 35 13 38 30 39 26 16  2 27  2]]
pos [[ 2.15940435  2.16243043]
 [ 2.79421667  2.89769444]
 [ 2.38516667  2.50259048]
 [ 2.58426087  3.0627    ]
 [ 2.42187895  3.27047895]
 [ 2.27593333  1.85845   ]
 [ 2.33547917  1.95725   ]
 [ 2.60116364  2.93809091]
 [ 2.63262667  2.74966667]]
neg [[ 0.76335294  5.32307059]
 [ 0.50009545  5.28027273]
 [ 0.01876316  5.08604737]
 [-0.30498824  5.87027647]
 [ 1.06974286  6.01999048]
 [ 1.03358182  6.04071818]
 [-0.1536375   5.563975  ]
 [ 1.15943333  5.08633889]
 [ 0.96546     5.218888  ]]
[[ 1.39605141 -3.16064015]
 [ 2.29412121 -2.38257828]
 [ 2.36640351 -2.58345689]
 [ 2.8892491  -2.80757647]
 [ 1.35213609 -2.74951153]
 [ 1.24235152 -4.18226818]
 [ 2.48911667 -3.606725  ]
 [ 1.4417303  -2.14824798]
 [ 1.66716667 -2.46922133]] [ -9.78932784  -5.96354783  -6.95812539  -9.24731407 -10.41155247
 -14.46242929 -10.84806589  -5.90834925  -6.83875751]
False positives : 4
False negatives : 4

