2 20 20
    4.4552    2.2997
    0.6175    0.9630
    3.5830    4.3605
    0.3259    4.5763
    4.6936    1.1406
    3.1537    1.4564
    1.2090    4.5694
    2.0000    8.0000
    2.9004    1.9861
    0.4496    0.0552
    2.4298    1.2078
    1.7006    1.4126
    0.9084    2.2603
    3.4116    0.5500
    3.3101    2.0374
    2.1290    0.6381
    1.0613    3.5595
    1.4156    3.1393
    4.7114    3.4136
    3.4798    5.1659
   -1.2287    5.8284
    1.0987    6.4158
    0.3829    4.6025
   -1.1584    6.4493
   -0.7737    6.2962
    2.1754   -0.6483
    3.6090    3.5566
    2.6329    9.2341
   -2.9378         0
    6.9325    4.6420
    0.9726    6.0603
    2.5358    8.0353
   -1.8929    4.0599
    0.6864    5.0482
    5.0699    6.3405
    0.8750    3.0220
   -2.6150    7.2648
   -0.3945    6.8878
   -1.6629    7.5295
   -3.6270    9.2734