2 40 40
   -0.4930    4.8193
    0.0458    4.9362
    0.6113    5.1093
    1.8140    5.3120
    1.8045    4.2769
    0.5265    4.7397
    0.6001    5.5939
   -2.1860    3.6730
   -1.4410    5.4018
    1.4702    4.6732
    0.8123    5.5455
   -1.0516    5.3975
   -0.7519    6.5163
   -0.0326    6.6360
   -0.4251    5.5894
   -0.0628    2.9780
   -0.9821    5.6125
   -0.0549    3.8813
   -0.6264    5.2495
   -0.9930    5.9750
   -0.6407    6.8089
   -1.0799    5.1992
   -1.5210    4.2764
   -0.5933    5.4013
    0.9421    5.3005
   -0.3731    5.8155
    0.7989    5.1202
    0.5712    5.4128
   -0.9870    5.7596
   -0.6572    4.3961
    0.1769    4.6925
   -0.1318    5.5954
    1.0468    4.8020
    0.3277    4.7617
    0.2296    5.4400
   -0.6169    5.2748
    0.6011    5.0923
    1.7298    4.3914
   -0.7371    3.2501
    0.9105    5.8671
   -0.0799    0.8985
    0.1837    0.2908
    0.1129    0.4400
    0.1017    2.7873
   -1.1667   -1.8543
   -1.1407   -1.0933
   -0.4336   -0.1685
   -0.2185    0.5413
    0.3893    0.7512
    1.7783    1.2231
   -1.2833   -2.3290
    0.9019   -1.8356
    0.0668    0.0355
    2.2272   -0.0692
   -0.5073    0.2358
    0.2458    0.0700
   -2.5864    2.4229
   -2.8560    1.3613
   -3.7601    2.1812
   -2.4803    2.9858
   -4.1555    2.9905
   -3.6898    2.3333
   -2.1359    3.1134
   -2.6016    3.8840
   -2.8197    3.5509
   -2.3170    4.1706
   -2.5241    4.4122
   -2.9774    2.9521
    4.7013    2.4903
    2.9971    3.9199
    3.1498    4.4049
    4.0341    3.2916
    2.2223    3.5667
    1.6174    3.2445
    3.8084    3.2130
    3.8797    5.0389
    3.9239    3.2669
    3.6417    3.4255
    1.6853    2.5836
    4.2247    2.9564